-------------------------------
d: 2
-------------------------------
Король: 0 0
Конь: 2 1
Клетки: [2,6], [2,7], [3,8], [0,9], [9,1], [6,1], [10,4], 
-------------------------------
Король: 1 0
Конь: 3 1
Клетки: [0,6], [0,9], [3,10], 
-------------------------------
Король: 2 0
Конь: 4 1
Клетки: [0,9], [10,3], [0,8], [5,1], [9,0], 
-------------------------------
Король: 3 0
Конь: 5 1
Клетки: [1,2], [10,5], [7,8], [8,9], 
-------------------------------
Король: 4 0
Конь: 6 1
Клетки: [10,2], [2,10], [9,4], [5,1], 
-------------------------------
Король: 5 0
Конь: 7 1
Клетки: [1,8], 
-------------------------------
Король: 6 0
Конь: 8 1
Клетки: [0,9], [5,1], [9,10], [4,5], [5,2], [8,10], [7,3], [9,7], 
-------------------------------
Король: 7 0
Конь: 9 1
Клетки: 
-------------------------------
Король: 8 0
Конь: 10 1
Клетки: [1,10], [10,3], [8,6], [4,0], [0,10], [8,9], 
-------------------------------
Король: 0 1
Конь: 2 2
Клетки: [2,0], [0,8], [6,9], [4,10], [7,7], [8,2], [3,7], [4,0], 
-------------------------------
d: 4
-------------------------------
Король: 0 0
Конь: 3 3
Клетки: [6,6], [7,7], [8,4], [0,2], [2,6], [9,9], [10,0], 
-------------------------------
Король: 1 0
Конь: 4 3
Клетки: 
-------------------------------
Король: 2 0
Конь: 5 3
Клетки: [3,10], [8,6], [2,8], [7,1], [2,3], [5,8], [4,0], 
-------------------------------
Король: 3 0
Конь: 6 3
Клетки: [10,9], [1,6], [5,8], [7,1], [5,2], [3,1], [3,8], 
-------------------------------
Король: 4 0
Конь: 7 3
Клетки: [5,7], [4,1], [4,0], [6,10], [8,7], [9,0], 
-------------------------------
Король: 5 0
Конь: 8 3
Клетки: [7,1], [2,4], [4,5], [9,1], 
-------------------------------
Король: 6 0
Конь: 9 3
Клетки: [1,7], [1,0], [4,9], [5,5], [3,8], 
-------------------------------
Король: 7 0
Конь: 10 3
Клетки: [10,1], [1,7], [2,8], [1,10], [0,2], [1,3], 
-------------------------------
Король: 0 1
Конь: 3 4
Клетки: 
-------------------------------
Король: 1 1
Конь: 4 4
Клетки: [4,3], [8,3], [10,1], [10,2], 
-------------------------------
d: 6
-------------------------------
Король: 0 0
Конь: 5 4
Клетки: [10,4], [7,7], [5,10], [6,2], [7,9], [3,1], [9,1], 
-------------------------------
Король: 1 0
Конь: 6 4
Клетки: [7,7], [8,9], [4,8], [2,2], [6,7], [0,5], 
-------------------------------
Король: 2 0
Конь: 7 4
Клетки: [0,4], [3,7], [8,9], [2,1], 
-------------------------------
Король: 3 0
Конь: 8 4
Клетки: [6,7], [7,7], [8,7], [0,10], [3,4], [8,0], [10,8], [7,8], [8,9], 
-------------------------------
Король: 4 0
Конь: 9 4
Клетки: [0,10], [2,2], [1,6], 
-------------------------------
Король: 5 0
Конь: 10 4
Клетки: [7,8], [7,1], [4,5], [4,2], [5,9], [9,10], [0,7], [10,5], 
-------------------------------
Король: 0 1
Конь: 5 5
Клетки: [10,9], 
-------------------------------
Король: 1 1
Конь: 6 5
Клетки: [6,6], [1,5], [4,5], [4,1], [8,9], [5,6], [9,6], [0,9], 
-------------------------------
Король: 2 1
Конь: 7 5
Клетки: 
-------------------------------
Король: 3 1
Конь: 8 5
Клетки: [0,1], [8,0], [0,5], 
-------------------------------
d: 8
-------------------------------
Король: 0 0
Конь: 6 6
Клетки: 
-------------------------------
Король: 1 0
Конь: 7 6
Клетки: [2,5], [1,5], [9,10], [4,1], [0,1], [5,10], [3,4], 
-------------------------------
Король: 2 0
Конь: 8 6
Клетки: 
-------------------------------
Король: 3 0
Конь: 9 6
Клетки: [10,10], [2,1], [0,1], [7,7], [2,9], [9,1], [6,4], 
-------------------------------
Король: 4 0
Конь: 10 6
Клетки: [10,6], [3,3], [10,5], [9,7], [2,8], [8,8], [7,2], 
-------------------------------
Король: 0 1
Конь: 6 7
Клетки: [10,5], [7,1], [3,4], [6,9], [1,4], 
-------------------------------
Король: 1 1
Конь: 7 7
Клетки: [10,9], [9,7], [0,6], [0,10], [6,3], [5,7], [7,7], 
-------------------------------
Король: 2 1
Конь: 8 7
Клетки: [6,9], 
-------------------------------
Король: 3 1
Конь: 9 7
Клетки: [9,9], [7,0], [4,9], [9,9], [0,9], [7,10], [0,2], [5,2], [0,10], 
-------------------------------
Король: 4 1
Конь: 10 7
Клетки: 
-------------------------------
d: 10
-------------------------------
Король: 0 0
Конь: 6 7
Клетки: 
-------------------------------
Король: 1 0
Конь: 7 7
Клетки: 
-------------------------------
Король: 2 0
Конь: 8 7
Клетки: 
-------------------------------
Король: 3 0
Конь: 9 7
Клетки: [7,5], [10,8], [10,0], [6,0], 
-------------------------------
Король: 4 0
Конь: 10 7
Клетки: [5,9], [5,5], [10,3], [6,4], [2,4], [3,4], 
-------------------------------
Король: 0 1
Конь: 6 8
Клетки: [4,8], [4,9], [4,6], [3,0], [2,4], [4,5], [5,3], [6,4], 
-------------------------------
Король: 1 1
Конь: 7 8
Клетки: [8,2], [6,8], [9,2], [0,0], [6,5], 
-------------------------------
Король: 2 1
Конь: 8 8
Клетки: [7,5], [6,7], [1,3], [6,9], [6,7], [10,7], [3,0], 
-------------------------------
Король: 3 1
Конь: 9 8
Клетки: [10,1], [4,7], [7,1], [1,1], [10,1], 
-------------------------------
Король: 4 1
Конь: 10 8
Клетки: [4,10], [8,6], [7,10], [9,10], [5,8], [2,5], [4,10], [3,7], 
